0.000000000000000000e+00 9.000000000000000000e+01 -6.500000000000000000e+01
1.000000000000000056e-01 9.000000000000000000e+01 -6.400001525878906250e+01
2.000000000000000111e-01 9.000000000000000000e+01 -6.300003051757812500e+01
3.000000000000000444e-01 9.000000000000000000e+01 -6.200004577636718750e+01
4.000000000000000222e-01 9.000000000000000000e+01 -6.100006103515625000e+01
5.000000000000000000e-01 9.000000000000000000e+01 -6.000007629394531250e+01
5.999999999999999778e-01 9.000000000000000000e+01 -5.900009155273437500e+01
6.999999999999999556e-01 9.000000000000000000e+01 -5.800010681152343750e+01
7.999999999999999334e-01 9.000000000000000000e+01 -5.700012207031250000e+01
8.999999999999999112e-01 9.000000000000000000e+01 -5.600013732910156250e+01
9.999999999999998890e-01 9.000000000000000000e+01 -5.500015258789062500e+01
1.099999999999999867e+00 9.000000000000000000e+01 -5.400016784667968750e+01
1.199999999999999956e+00 9.000000000000000000e+01 -5.300018310546875000e+01
1.300000000000000044e+00 9.000000000000000000e+01 -5.200019836425781250e+01
1.400000000000000133e+00 9.000000000000000000e+01 -5.100021362304687500e+01
1.500000000000000222e+00 9.000000000000000000e+01 -5.000022888183593750e+01
1.600000000000000311e+00 9.000000000000000000e+01 -4.900024414062500000e+01
1.700000000000000400e+00 9.000000000000000000e+01 -4.800025939941406250e+01
1.800000000000000488e+00 9.000000000000000000e+01 -4.700027465820312500e+01
1.900000000000000577e+00 9.000000000000000000e+01 -4.600028991699218750e+01
2.000000000000000444e+00 9.000000000000000000e+01 -4.500030517578125000e+01
2.100000000000000533e+00 9.000000000000000000e+01 -4.400032043457031250e+01
2.200000000000000622e+00 9.000000000000000000e+01 -4.300033569335937500e+01
2.300000000000000711e+00 9.000000000000000000e+01 -4.200035095214843750e+01
2.400000000000000799e+00 9.000000000000000000e+01 -4.100036621093750000e+01
2.500000000000000888e+00 9.000000000000000000e+01 -4.000038146972656250e+01
2.600000000000000977e+00 9.000000000000000000e+01 -3.900039672851562500e+01
2.700000000000001066e+00 9.000000000000000000e+01 -3.800041198730468750e+01
2.800000000000001155e+00 9.000000000000000000e+01 -3.700042724609375000e+01
2.900000000000001243e+00 9.000000000000000000e+01 -3.600044250488281250e+01
3.000000000000001332e+00 9.000000000000000000e+01 -3.500045776367187500e+01
3.100000000000001421e+00 9.000000000000000000e+01 -3.400047302246093750e+01
3.200000000000001510e+00 9.000000000000000000e+01 -3.300048828125000000e+01
3.300000000000001599e+00 9.000000000000000000e+01 -3.200050354003906250e+01
3.400000000000001688e+00 9.000000000000000000e+01 -3.100049972534179688e+01
3.500000000000001776e+00 9.000000000000000000e+01 -3.000049591064453125e+01
3.600000000000001865e+00 9.000000000000000000e+01 -2.900049209594726562e+01
3.700000000000001954e+00 9.000000000000000000e+01 -2.800048828125000000e+01
3.800000000000002043e+00 9.000000000000000000e+01 -2.700048446655273438e+01
3.900000000000002132e+00 9.000000000000000000e+01 -2.600048065185546875e+01
4.000000000000001776e+00 9.000000000000000000e+01 -2.500047683715820312e+01
4.100000000000001421e+00 9.000000000000000000e+01 -2.400047302246093750e+01
4.200000000000001066e+00 9.000000000000000000e+01 -2.300046920776367188e+01
4.300000000000000711e+00 9.000000000000000000e+01 -2.200046539306640625e+01
4.400000000000000355e+00 9.000000000000000000e+01 -2.100046157836914062e+01
4.500000000000000000e+00 9.000000000000000000e+01 -2.000045776367187500e+01
4.599999999999999645e+00 9.000000000000000000e+01 -1.900045394897460938e+01
4.699999999999999289e+00 9.000000000000000000e+01 -1.800045013427734375e+01
4.799999999999998934e+00 9.000000000000000000e+01 -1.700044631958007812e+01
4.899999999999998579e+00 9.000000000000000000e+01 -1.600044250488281250e+01
4.999999999999998224e+00 9.000000000000000000e+01 -1.500043869018554688e+01
5.099999999999997868e+00 9.000000000000000000e+01 -1.400043487548828125e+01
5.199999999999997513e+00 9.000000000000000000e+01 -1.300043106079101562e+01
5.299999999999997158e+00 9.000000000000000000e+01 -1.200042724609375000e+01
5.399999999999996803e+00 9.000000000000000000e+01 -1.100042343139648438e+01
5.499999999999996447e+00 9.000000000000000000e+01 -1.000041961669921875e+01
5.599999999999996092e+00 9.000000000000000000e+01 -9.000415802001953125e+00
5.699999999999995737e+00 9.000000000000000000e+01 -8.000411987304687500e+00
5.799999999999995381e+00 9.000000000000000000e+01 -7.000412940979003906e+00
5.899999999999995026e+00 9.000000000000000000e+01 -6.000413894653320312e+00
5.999999999999994671e+00 8.996669769287109375e+01 -5.001196861267089844e+00
6.099999999999994316e+00 8.985951995849609375e+01 -4.007184028625488281e+00
6.199999999999993960e+00 8.967906951904296875e+01 -3.023829221725463867e+00
6.299999999999993605e+00 8.942634582519531250e+01 -2.056525230407714844e+00
6.399999999999993250e+00 8.910271453857421875e+01 -1.110577583312988281e+00
6.499999999999992895e+00 8.870997619628906250e+01 -1.911738663911819458e-01
6.599999999999992539e+00 8.825027465820312500e+01 6.966435313224792480e-01
6.699999999999992184e+00 8.772612762451171875e+01 1.548005223274230957e+00
6.799999999999991829e+00 8.714041137695312500e+01 2.358242034912109375e+00
6.899999999999991473e+00 8.649633789062500000e+01 3.122910022735595703e+00
6.999999999999991118e+00 8.579743194580078125e+01 3.837815523147583008e+00
7.099999999999990763e+00 8.504753875732421875e+01 4.499036788940429688e+00
7.199999999999990408e+00 8.425077819824218750e+01 5.102948188781738281e+00
7.299999999999990052e+00 8.341149902343750000e+01 5.646237373352050781e+00
7.399999999999989697e+00 8.253432464599609375e+01 6.125926017761230469e+00
7.499999999999989342e+00 8.162405395507812500e+01 6.539381980895996094e+00
7.599999999999988987e+00 8.068568420410156250e+01 6.884336948394775391e+00
7.699999999999988631e+00 7.972436523437500000e+01 7.158900260925292969e+00
7.799999999999988276e+00 7.874534606933593750e+01 7.361566066741943359e+00
7.899999999999987921e+00 7.775400543212890625e+01 7.491222381591796875e+00
7.999999999999987566e+00 7.675579833984375000e+01 7.547158241271972656e+00
8.099999999999987210e+00 7.575617980957031250e+01 7.529066562652587891e+00
8.199999999999986855e+00 7.476065063476562500e+01 7.437047004699707031e+00
8.299999999999986500e+00 7.377466583251953125e+01 7.271602630615234375e+00
8.399999999999986144e+00 7.280363464355468750e+01 7.033643245697021484e+00
8.499999999999985789e+00 7.185285186767578125e+01 6.724472999572753906e+00
8.599999999999985434e+00 7.092757415771484375e+01 6.345788002014160156e+00
8.699999999999985079e+00 7.003286743164062500e+01 5.899664402008056641e+00
8.799999999999984723e+00 6.917361450195312500e+01 5.388548374176025391e+00
8.899999999999984368e+00 6.835454559326171875e+01 4.815244674682617188e+00
8.999999999999984013e+00 6.758015441894531250e+01 4.182896614074707031e+00
9.099999999999983658e+00 6.685469055175781250e+01 3.494973182678222656e+00
9.199999999999983302e+00 6.615240478515625000e+01 2.783093452453613281e+00
9.299999999999982947e+00 6.545011901855468750e+01 2.071213722229003906e+00
9.399999999999982592e+00 6.474783325195312500e+01 1.359332919120788574e+00
9.499999999999982236e+00 6.404554748535156250e+01 6.474519968032836914e-01
9.599999999999981881e+00 6.334326171875000000e+01 -6.442891061305999756e-02
9.699999999999981526e+00 6.264097595214843750e+01 -7.763097882270812988e-01
9.799999999999981171e+00 6.193869018554687500e+01 -1.488190650939941406e+00
9.899999999999980815e+00 6.123640441894531250e+01 -2.200071334838867188e+00
9.999999999999980460e+00 6.053411865234375000e+01 -2.911951065063476562e+00
1.009999999999998010e+01 5.983183288574218750e+01 -3.623830795288085938e+00
1.019999999999997975e+01 5.912954711914062500e+01 -4.335710525512695312e+00
1.029999999999997939e+01 5.842726135253906250e+01 -5.047590255737304688e+00
1.039999999999997904e+01 5.772497558593750000e+01 -5.759469985961914062e+00
1.049999999999997868e+01 5.702268981933593750e+01 -6.471349716186523438e+00
1.059999999999997833e+01 5.632040405273437500e+01 -7.183229446411132812e+00
1.069999999999997797e+01 5.561811828613281250e+01 -7.895109176635742188e+00
1.079999999999997762e+01 5.491583251953125000e+01 -8.606988906860351562e+00
1.089999999999997726e+01 5.421354675292968750e+01 -9.318868637084960938e+00
1.099999999999997691e+01 5.351126098632812500e+01 -1.003074836730957031e+01
1.109999999999997655e+01 5.280897521972656250e+01 -1.074262809753417969e+01
1.119999999999997620e+01 5.210668945312500000e+01 -1.145450782775878906e+01
1.129999999999997584e+01 5.140440368652343750e+01 -1.216638755798339844e+01
1.139999999999997549e+01 5.070211791992187500e+01 -1.287826728820800781e+01
1.149999999999997513e+01 4.999983215332031250e+01 -1.359014701843261719e+01
1.159999999999997478e+01 4.929754638671875000e+01 -1.430202674865722656e+01
1.169999999999997442e+01 4.859526062011718750e+01 -1.501390647888183594e+01
1.179999999999997407e+01 4.789297485351562500e+01 -1.572578620910644531e+01
1.189999999999997371e+01 4.719068908691406250e+01 -1.643766593933105469e+01
1.199999999999997335e+01 4.648840332031250000e+01 -1.714954566955566406e+01
1.209999999999997300e+01 4.578611755371093750e+01 -1.786142539978027344e+01
1.219999999999997264e+01 4.508383178710937500e+01 -1.857330513000488281e+01
1.229999999999997229e+01 4.438154602050781250e+01 -1.928518486022949219e+01
1.239999999999997193e+01 4.367926025390625000e+01 -1.999706459045410156e+01
1.249999999999997158e+01 4.297697448730468750e+01 -2.070894432067871094e+01
1.259999999999997122e+01 4.227468872070312500e+01 -2.142082405090332031e+01
1.269999999999997087e+01 4.157240295410156250e+01 -2.213270378112792969e+01
1.279999999999997051e+01 4.087011718750000000e+01 -2.284458351135253906e+01
1.289999999999997016e+01 4.016783142089843750e+01 -2.355646324157714844e+01
1.299999999999996980e+01 3.946554565429687500e+01 -2.426834297180175781e+01
1.309999999999996945e+01 3.876325988769531250e+01 -2.498022270202636719e+01
1.319999999999996909e+01 3.806097412109375000e+01 -2.569210243225097656e+01
1.329999999999996874e+01 3.735868835449218750e+01 -2.640398216247558594e+01
1.339999999999996838e+01 3.665640258789062500e+01 -2.711586189270019531e+01
1.349999999999996803e+01 3.595411682128906250e+01 -2.782774162292480469e+01
1.359999999999996767e+01 3.525183105468750000e+01 -2.853962135314941406e+01
1.369999999999996732e+01 3.454954528808593750e+01 -2.925150108337402344e+01
1.379999999999996696e+01 3.384725952148437500e+01 -2.996338081359863281e+01
1.389999999999996660e+01 3.314497375488281250e+01 -3.067526054382324219e+01
1.399999999999996625e+01 3.244268798828125000e+01 -3.138714027404785156e+01
1.409999999999996589e+01 3.174039459228515625e+01 -3.209902191162109375e+01
1.419999999999996554e+01 3.103808975219726562e+01 -3.281092071533203125e+01
1.429999999999996518e+01 3.033578491210937500e+01 -3.352281951904296875e+01
1.439999999999996483e+01 2.963348007202148438e+01 -3.423471832275390625e+01
1.449999999999996447e+01 2.893117523193359375e+01 -3.494661712646484375e+01
1.459999999999996412e+01 2.822887039184570312e+01 -3.565851593017578125e+01
1.469999999999996376e+01 2.752656555175781250e+01 -3.637041473388671875e+01
1.479999999999996341e+01 2.682426071166992188e+01 -3.708231353759765625e+01
1.489999999999996305e+01 2.612195587158203125e+01 -3.779421234130859375e+01
1.499999999999996270e+01 2.541965103149414062e+01 -3.850611114501953125e+01
1.509999999999996234e+01 2.471734619140625000e+01 -3.921800994873046875e+01
1.519999999999996199e+01 2.401504135131835938e+01 -3.992990875244140625e+01
1.529999999999996163e+01 2.331273651123046875e+01 -4.064180755615234375e+01
1.539999999999996128e+01 2.261043167114257812e+01 -4.135370635986328125e+01
1.549999999999996092e+01 2.190812683105468750e+01 -4.206560516357421875e+01
1.559999999999996056e+01 2.120582199096679688e+01 -4.277750396728515625e+01
1.569999999999996021e+01 2.050351715087890625e+01 -4.348940277099609375e+01
1.579999999999995985e+01 1.980121231079101562e+01 -4.420130157470703125e+01
1.589999999999995950e+01 1.909890747070312500e+01 -4.491320037841796875e+01
1.599999999999995914e+01 1.839660263061523438e+01 -4.562509918212890625e+01
1.609999999999995879e+01 1.769429779052734375e+01 -4.633699798583984375e+01
1.619999999999996021e+01 1.701626586914062500e+01 -4.707172393798828125e+01
1.629999999999996163e+01 1.639446830749511719e+01 -4.785461044311523438e+01
1.639999999999996305e+01 1.583231163024902344e+01 -4.868136596679687500e+01
1.649999999999996447e+01 1.533288002014160156e+01 -4.954745864868164062e+01
1.659999999999996589e+01 1.489891052246093750e+01 -5.044813537597656250e+01
1.669999999999996732e+01 1.453278636932373047e+01 -5.137845993041992188e+01
1.679999999999996874e+01 1.423651313781738281e+01 -5.233332824707031250e+01
1.689999999999997016e+01 1.401171684265136719e+01 -5.330750274658203125e+01
1.699999999999997158e+01 1.385963058471679688e+01 -5.429563903808593750e+01
1.709999999999997300e+01 1.378108596801757812e+01 -5.529232406616210938e+01
1.719999999999997442e+01 1.377651596069335938e+01 -5.629208755493164062e+01
1.729999999999997584e+01 1.384594631195068359e+01 -5.728944778442382812e+01
1.739999999999997726e+01 1.398899364471435547e+01 -5.827893447875976562e+01
1.749999999999997868e+01 1.420487403869628906e+01 -5.925511932373046875e+01
1.759999999999998010e+01 1.449240589141845703e+01 -6.021265792846679688e+01
1.769999999999998153e+01 1.485001182556152344e+01 -6.114628982543945312e+01
1.779999999999998295e+01 1.527572822570800781e+01 -6.205089950561523438e+01
1.789999999999998437e+01 1.576722240447998047e+01 -6.292152023315429688e+01
1.799999999999998579e+01 1.632179832458496094e+01 -6.375337982177734375e+01
1.809999999999998721e+01 1.693641471862792969e+01 -6.454193115234375000e+01
1.819999999999998863e+01 1.760770034790039062e+01 -6.528283691406250000e+01
1.829999999999999005e+01 1.833197784423828125e+01 -6.597201538085937500e+01
1.839999999999999147e+01 1.910527229309082031e+01 -6.660570526123046875e+01
1.849999999999999289e+01 1.992333984375000000e+01 -6.718041992187500000e+01
1.859999999999999432e+01 2.078169631958007812e+01 -6.769303894042968750e+01
1.869999999999999574e+01 2.167563247680664062e+01 -6.814072418212890625e+01
1.879999999999999716e+01 2.260024833679199219e+01 -6.852102661132812500e+01
1.889999999999999858e+01 2.355047607421875000e+01 -6.883186340332031250e+01
1.900000000000000000e+01 2.452109909057617188e+01 -6.907151794433593750e+01
1.910000000000000142e+01 2.550679779052734375e+01 -6.923870086669921875e+01
1.920000000000000284e+01 2.650216865539550781e+01 -6.933247375488281250e+01
1.930000000000000426e+01 2.750174713134765625e+01 -6.935233306884765625e+01
1.940000000000000568e+01 2.850005149841308594e+01 -6.929814147949218750e+01
1.950000000000000711e+01 2.949160957336425781e+01 -6.917024230957031250e+01
1.960000000000000853e+01 3.047098541259765625e+01 -6.896929168701171875e+01
1.970000000000000995e+01 3.143280029296875000e+01 -6.869642639160156250e+01
1.980000000000001137e+01 3.237178802490234375e+01 -6.835312652587890625e+01
1.990000000000001279e+01 3.328279495239257812e+01 -6.794128417968750000e+01
2.000000000000001421e+01 3.416081619262695312e+01 -6.746314239501953125e+01
2.010000000000001563e+01 3.500104141235351562e+01 -6.692134857177734375e+01
2.020000000000001705e+01 3.579887390136718750e+01 -6.631884765625000000e+01
2.030000000000001847e+01 3.654993057250976562e+01 -6.565895080566406250e+01
2.040000000000001990e+01 3.725009155273437500e+01 -6.494528198242187500e+01
2.050000000000002132e+01 3.789551544189453125e+01 -6.418176269531250000e+01
2.060000000000002274e+01 3.848265838623046875e+01 -6.337256240844726562e+01
2.070000000000002416e+01 3.900830459594726562e+01 -6.252212142944335938e+01
2.080000000000002558e+01 3.946957015991210938e+01 -6.163510894775390625e+01
2.090000000000002700e+01 3.986392593383789062e+01 -6.071640014648437500e+01
2.100000000000002842e+01 4.018921661376953125e+01 -5.977102279663085938e+01
2.110000000000002984e+01 4.044364929199218750e+01 -5.880416488647460938e+01
2.120000000000003126e+01 4.062582397460937500e+01 -5.782112503051757812e+01
2.130000000000003268e+01 4.073475646972656250e+01 -5.682729721069335938e+01
2.140000000000003411e+01 4.076984024047851562e+01 -5.582814025878906250e+01
2.150000000000003553e+01 4.073088073730468750e+01 -5.482912445068359375e+01
2.160000000000003695e+01 4.061808776855468750e+01 -5.383573150634765625e+01
2.170000000000003837e+01 4.043209457397460938e+01 -5.285340499877929688e+01
2.180000000000003979e+01 4.017390823364257812e+01 -5.188754272460937500e+01
2.190000000000004121e+01 3.984495162963867188e+01 -5.094343566894531250e+01
2.200000000000004263e+01 3.944702529907226562e+01 -5.002626419067382812e+01
2.210000000000004405e+01 3.898231506347656250e+01 -4.914105606079101562e+01
2.220000000000004547e+01 3.845336914062500000e+01 -4.829266738891601562e+01
2.230000000000004690e+01 3.786308670043945312e+01 -4.748575210571289062e+01
2.240000000000004832e+01 3.721471023559570312e+01 -4.672472763061523438e+01
2.250000000000004974e+01 3.651332855224609375e+01 -4.601218032836914062e+01
2.260000000000005116e+01 3.579719543457031250e+01 -4.531420516967773438e+01
2.270000000000005258e+01 3.508106231689453125e+01 -4.461623001098632812e+01
2.280000000000005400e+01 3.436492919921875000e+01 -4.391825485229492188e+01
2.290000000000005542e+01 3.364879608154296875e+01 -4.322027969360351562e+01
2.300000000000005684e+01 3.293266296386718750e+01 -4.252230453491210938e+01
2.310000000000005826e+01 3.221652984619140625e+01 -4.182432937622070312e+01
2.320000000000005969e+01 3.150039672851562500e+01 -4.112635421752929688e+01
2.330000000000006111e+01 3.078426361083984375e+01 -4.042837905883789062e+01
2.340000000000006253e+01 3.006813049316406250e+01 -3.973040390014648438e+01
2.350000000000006395e+01 2.935199737548828125e+01 -3.903242874145507812e+01
2.360000000000006537e+01 2.863586425781250000e+01 -3.833445358276367188e+01
2.370000000000006679e+01 2.791973114013671875e+01 -3.763647842407226562e+01
2.380000000000006821e+01 2.720359802246093750e+01 -3.693850326538085938e+01
2.390000000000006963e+01 2.648746490478515625e+01 -3.624052810668945312e+01
2.400000000000007105e+01 2.577133178710937500e+01 -3.554255294799804688e+01
2.410000000000007248e+01 2.505519866943359375e+01 -3.484457778930664062e+01
2.420000000000007390e+01 2.433906555175781250e+01 -3.414660263061523438e+01
2.430000000000007532e+01 2.362293243408203125e+01 -3.344862747192382812e+01
2.440000000000007674e+01 2.290679931640625000e+01 -3.275065231323242188e+01
2.450000000000007816e+01 2.219066619873046875e+01 -3.205267715454101562e+01
2.460000000000007958e+01 2.147453308105468750e+01 -3.135470199584960938e+01
2.470000000000008100e+01 2.075839996337890625e+01 -3.065672683715820312e+01
2.480000000000008242e+01 2.004226684570312500e+01 -2.995875167846679688e+01
2.490000000000008384e+01 1.932613372802734375e+01 -2.926077651977539062e+01
2.500000000000008527e+01 1.861051940917968750e+01 -2.856227302551269531e+01
2.510000000000008669e+01 1.792896461486816406e+01 -2.783081054687500000e+01
2.520000000000008811e+01 1.730341529846191406e+01 -2.705091667175292969e+01
2.530000000000008953e+01 1.673729896545410156e+01 -2.622686576843261719e+01
2.540000000000009095e+01 1.623371887207031250e+01 -2.536317634582519531e+01
2.550000000000009237e+01 1.579544162750244141e+01 -2.446459197998046875e+01
2.560000000000009379e+01 1.542486572265625000e+01 -2.353603172302246094e+01
2.570000000000009521e+01 1.512402439117431641e+01 -2.258259582519531250e+01
2.580000000000009663e+01 1.489456939697265625e+01 -2.160951042175292969e+01
2.590000000000009805e+01 1.473775863647460938e+01 -2.062211227416992188e+01
2.600000000000009948e+01 1.465445137023925781e+01 -1.962581443786621094e+01
2.610000000000010090e+01 1.464510536193847656e+01 -1.862608337402343750e+01
2.620000000000010232e+01 1.470977115631103516e+01 -1.762840461730957031e+01
2.630000000000010374e+01 1.484809684753417969e+01 -1.663824844360351562e+01
2.640000000000010516e+01 1.505932044982910156e+01 -1.566104316711425781e+01
2.650000000000010658e+01 1.534228324890136719e+01 -1.470214939117431641e+01
2.660000000000010800e+01 1.569543552398681641e+01 -1.376682567596435547e+01
2.670000000000010942e+01 1.611684036254882812e+01 -1.286020183563232422e+01
2.680000000000011084e+01 1.660418510437011719e+01 -1.198725032806396484e+01
2.690000000000011227e+01 1.715479469299316406e+01 -1.115276050567626953e+01
2.700000000000011369e+01 1.776565361022949219e+01 -1.036130714416503906e+01
2.710000000000011511e+01 1.843341064453125000e+01 -9.617232322692871094e+00
2.720000000000011653e+01 1.915440368652343750e+01 -8.924616813659667969e+00
2.730000000000011795e+01 1.992468070983886719e+01 -8.287257194519042969e+00
2.740000000000011937e+01 2.074001121520996094e+01 -7.708651542663574219e+00
2.750000000000012079e+01 2.159592628479003906e+01 -7.191972732543945312e+00
2.760000000000012221e+01 2.248773193359375000e+01 -6.740052700042724609e+00
2.770000000000012363e+01 2.341053581237792969e+01 -6.355371952056884766e+00
2.780000000000012506e+01 2.435927772521972656e+01 -6.040038108825683594e+00
2.790000000000012648e+01 2.532875633239746094e+01 -5.795782566070556641e+00
2.800000000000012790e+01 2.631365585327148438e+01 -5.623944282531738281e+00
2.810000000000012932e+01 2.730856704711914062e+01 -5.525465965270996094e+00
2.820000000000013074e+01 2.830803871154785156e+01 -5.500886917114257812e+00
2.830000000000013216e+01 2.930659103393554688e+01 -5.550341129302978516e+00
2.840000000000013358e+01 3.029874610900878906e+01 -5.673556804656982422e+00
2.850000000000013500e+01 3.127906036376953125e+01 -5.869857788085937500e+00
2.860000000000013642e+01 3.224215698242187500e+01 -6.138168334960937500e+00
2.870000000000013785e+01 3.318275833129882812e+01 -6.477015495300292969e+00
2.880000000000013927e+01 3.409570693969726562e+01 -6.884541988372802734e+00
2.890000000000014069e+01 3.497598648071289062e+01 -7.358514308929443359e+00
2.900000000000014211e+01 3.581877517700195312e+01 -7.896330833435058594e+00
2.910000000000014353e+01 3.661945343017578125e+01 -8.495041847229003906e+00
2.920000000000014495e+01 3.737362670898437500e+01 -9.151367187500000000e+00
2.930000000000014637e+01 3.808827972412109375e+01 -9.850815773010253906e+00
2.940000000000014779e+01 3.879983520507812500e+01 -1.055345439910888672e+01
2.950000000000014921e+01 3.951139068603515625e+01 -1.125609302520751953e+01
2.960000000000015064e+01 4.022294616699218750e+01 -1.195873165130615234e+01
2.970000000000015206e+01 4.093450164794921875e+01 -1.266137027740478516e+01
2.980000000000015348e+01 4.164605712890625000e+01 -1.336400890350341797e+01
2.990000000000015490e+01 4.235761260986328125e+01 -1.406664752960205078e+01
3.000000000000015632e+01 4.306916809082031250e+01 -1.476928615570068359e+01
3.010000000000015774e+01 4.378072357177734375e+01 -1.547192478179931641e+01
3.020000000000015916e+01 4.449227905273437500e+01 -1.617456054687500000e+01
3.030000000000016058e+01 4.520383453369140625e+01 -1.687718963623046875e+01
3.040000000000016200e+01 4.591539001464843750e+01 -1.757981872558593750e+01
3.050000000000016342e+01 4.662694549560546875e+01 -1.828244781494140625e+01
3.060000000000016485e+01 4.733850097656250000e+01 -1.898507690429687500e+01
3.070000000000016627e+01 4.805005645751953125e+01 -1.968770599365234375e+01
3.080000000000016769e+01 4.876161193847656250e+01 -2.039033508300781250e+01
3.090000000000016911e+01 4.947316741943359375e+01 -2.109296417236328125e+01
3.100000000000017053e+01 5.018472290039062500e+01 -2.179559326171875000e+01
3.110000000000017195e+01 5.089627838134765625e+01 -2.249822235107421875e+01
3.120000000000017337e+01 5.160783386230468750e+01 -2.320085144042968750e+01
3.130000000000017479e+01 5.231938934326171875e+01 -2.390348052978515625e+01
3.140000000000017621e+01 5.303094482421875000e+01 -2.460610961914062500e+01
3.150000000000017764e+01 5.374250030517578125e+01 -2.530873870849609375e+01
3.160000000000017906e+01 5.445405578613281250e+01 -2.601136779785156250e+01
3.170000000000018048e+01 5.516561126708984375e+01 -2.671399688720703125e+01
3.180000000000018190e+01 5.587716674804687500e+01 -2.741662597656250000e+01
3.190000000000018332e+01 5.658872222900390625e+01 -2.811925506591796875e+01
3.200000000000018474e+01 5.730027770996093750e+01 -2.882188415527343750e+01
3.210000000000018616e+01 5.801183319091796875e+01 -2.952451324462890625e+01
3.220000000000018758e+01 5.872338867187500000e+01 -3.022714233398437500e+01
3.230000000000018900e+01 5.943494415283203125e+01 -3.092977142333984375e+01
3.240000000000019043e+01 6.014649963378906250e+01 -3.163240051269531250e+01
3.250000000000019185e+01 6.085805511474609375e+01 -3.233502960205078125e+01
3.260000000000019327e+01 6.156961059570312500e+01 -3.303765869140625000e+01
3.270000000000019469e+01 6.228116607666015625e+01 -3.374028778076171875e+01
3.280000000000019611e+01 6.299272155761718750e+01 -3.444291687011718750e+01
3.290000000000019753e+01 6.370427703857421875e+01 -3.514554595947265625e+01
3.300000000000019895e+01 6.441580963134765625e+01 -3.584817504882812500e+01
3.310000000000020037e+01 6.512732696533203125e+01 -3.655080413818359375e+01
3.320000000000020179e+01 6.583884429931640625e+01 -3.725343322753906250e+01
3.330000000000020322e+01 6.655036163330078125e+01 -3.795606231689453125e+01
3.340000000000020464e+01 6.725079345703125000e+01 -3.866958618164062500e+01
3.350000000000020606e+01 6.789984130859375000e+01 -3.943003845214843750e+01
3.360000000000020748e+01 6.849082183837890625e+01 -4.023644256591796875e+01
3.370000000000020890e+01 6.902050018310546875e+01 -4.108436203002929688e+01
3.380000000000021032e+01 6.948599243164062500e+01 -4.196916580200195312e+01
3.390000000000021174e+01 6.988472747802734375e+01 -4.288598632812500000e+01
3.400000000000021316e+01 7.021452331542968750e+01 -4.382980728149414062e+01
3.410000000000021458e+01 7.047355651855468750e+01 -4.479544067382812500e+01
3.420000000000021600e+01 7.066043090820312500e+01 -4.577759170532226562e+01
3.430000000000021743e+01 7.077408599853515625e+01 -4.677088165283203125e+01
3.440000000000021885e+01 7.081394958496093750e+01 -4.776986312866210938e+01
3.450000000000022027e+01 7.077975463867187500e+01 -4.876905059814453125e+01
3.460000000000022169e+01 7.067172241210937500e+01 -4.976297378540039062e+01
3.470000000000022311e+01 7.049042510986328125e+01 -5.074616622924804688e+01
3.480000000000022453e+01 7.023686981201171875e+01 -5.171325683593750000e+01
3.490000000000022595e+01 6.991244506835937500e+01 -5.265893173217773438e+01
3.500000000000022737e+01 6.951891326904296875e+01 -5.357799911499023438e+01
3.510000000000022879e+01 6.905844879150390625e+01 -5.446542358398437500e+01
3.520000000000023022e+01 6.853356933593750000e+01 -5.531634140014648438e+01
3.530000000000023164e+01 6.794718170166015625e+01 -5.612607955932617188e+01
3.540000000000023306e+01 6.730246734619140625e+01 -5.689020538330078125e+01
3.550000000000023448e+01 6.660924530029296875e+01 -5.761080932617187500e+01
3.560000000000023590e+01 6.594770812988281250e+01 -5.836042022705078125e+01
3.570000000000023732e+01 6.534347534179687500e+01 -5.915692901611328125e+01
3.580000000000023874e+01 6.479981994628906250e+01 -5.999597167968750000e+01
3.590000000000024016e+01 6.431974792480468750e+01 -6.087294769287109375e+01
3.600000000000024158e+01 6.390589523315429688e+01 -6.178304290771484375e+01
3.610000000000024301e+01 6.356053543090820312e+01 -6.272127532958984375e+01
3.620000000000024443e+01 6.328555297851562500e+01 -6.368249511718750000e+01
3.630000000000024585e+01 6.308245468139648438e+01 -6.466143798828125000e+01
3.640000000000024727e+01 6.295236206054687500e+01 -6.565270996093750000e+01
3.650000000000024869e+01 6.289598846435546875e+01 -6.665089416503906250e+01
3.660000000000025011e+01 6.291363525390625000e+01 -6.765052032470703125e+01
3.670000000000025153e+01 6.300521087646484375e+01 -6.864610290527343750e+01
3.680000000000025295e+01 6.317021179199218750e+01 -6.963215637207031250e+01
3.690000000000025437e+01 6.340773010253906250e+01 -7.060330200195312500e+01
3.700000000000025580e+01 6.371646881103515625e+01 -7.155420684814453125e+01
3.710000000000025722e+01 6.409473419189453125e+01 -7.247965240478515625e+01
3.720000000000025864e+01 6.454045104980468750e+01 -7.337457275390625000e+01
3.730000000000026006e+01 6.505115509033203125e+01 -7.423406982421875000e+01
3.740000000000026148e+01 6.562407684326171875e+01 -7.505339813232421875e+01
3.750000000000026290e+01 6.625605773925781250e+01 -7.582810211181640625e+01
3.760000000000026432e+01 6.694364166259765625e+01 -7.655390930175781250e+01
3.770000000000026574e+01 6.768303680419921875e+01 -7.722682189941406250e+01
3.780000000000026716e+01 6.847022247314453125e+01 -7.784317016601562500e+01
3.790000000000026859e+01 6.930086517333984375e+01 -7.839957427978515625e+01
3.800000000000027001e+01 7.017041015625000000e+01 -7.889299011230468750e+01
3.810000000000027143e+01 7.107407379150390625e+01 -7.932069396972656250e+01
3.820000000000027285e+01 7.200691223144531250e+01 -7.968036651611328125e+01
3.830000000000027427e+01 7.296381378173828125e+01 -7.997000885009765625e+01
3.840000000000027569e+01 7.393952178955078125e+01 -8.018804168701171875e+01
3.850000000000027711e+01 7.492868804931640625e+01 -8.033328247070312500e+01
3.860000000000027853e+01 7.592589569091796875e+01 -8.040491485595703125e+01
3.870000000000027995e+01 7.692579650878906250e+01 -8.040995025634765625e+01
3.880000000000028137e+01 7.792500305175781250e+01 -8.037620544433593750e+01
3.890000000000028280e+01 7.891873168945312500e+01 -8.026653289794921875e+01
3.900000000000028422e+01 7.990109252929687500e+01 -8.008081817626953125e+01
3.910000000000028564e+01 8.086627197265625000e+01 -7.982016754150390625e+01
3.920000000000028706e+01 8.180857849121093750e+01 -7.948612213134765625e+01
3.930000000000028848e+01 8.272241973876953125e+01 -7.908065032958984375e+01
3.940000000000028990e+01 8.360239410400390625e+01 -7.860615539550781250e+01
3.950000000000029132e+01 8.444330596923828125e+01 -7.806543731689453125e+01
3.960000000000029274e+01 8.524018096923828125e+01 -7.746170043945312500e+01
3.970000000000029416e+01 8.598830413818359375e+01 -7.679850006103515625e+01
3.980000000000029559e+01 8.668324279785156250e+01 -7.607977294921875000e+01
3.990000000000029701e+01 8.732089996337890625e+01 -7.530977630615234375e+01
4.000000000000029843e+01 8.789748382568359375e+01 -7.449304199218750000e+01
4.010000000000029985e+01 8.840961456298828125e+01 -7.363439941406250000e+01
4.020000000000030127e+01 8.885422515869140625e+01 -7.273896026611328125e+01
4.030000000000030269e+01 8.922872924804687500e+01 -7.181198883056640625e+01
4.040000000000030411e+01 8.953087615966796875e+01 -7.085898590087890625e+01
4.050000000000030553e+01 8.975890350341796875e+01 -6.988557434082031250e+01
4.060000000000030695e+01 8.991145324707031250e+01 -6.889752197265625000e+01
4.070000000000030838e+01 8.998761749267578125e+01 -6.790067291259765625e+01
4.080000000000030980e+01 8.999850463867187500e+01 -6.690079498291015625e+01
4.090000000000031122e+01 9.000170898437500000e+01 -6.590081024169921875e+01
