0.000000000000000000e+00 9.000000000000000000e+01 -6.500000000000000000e+01
1.000000000000000056e-01 9.000000000000000000e+01 -6.400001525878906250e+01
2.000000000000000111e-01 9.000000000000000000e+01 -6.300003051757812500e+01
3.000000000000000444e-01 9.000000000000000000e+01 -6.200004577636718750e+01
4.000000000000000222e-01 9.000000000000000000e+01 -6.100006103515625000e+01
5.000000000000000000e-01 9.000000000000000000e+01 -6.000007629394531250e+01
5.999999999999999778e-01 9.000000000000000000e+01 -5.900009155273437500e+01
6.999999999999999556e-01 9.000000000000000000e+01 -5.800010681152343750e+01
7.999999999999999334e-01 9.000000000000000000e+01 -5.700012207031250000e+01
8.999999999999999112e-01 9.000000000000000000e+01 -5.600013732910156250e+01
9.999999999999998890e-01 9.000000000000000000e+01 -5.500015258789062500e+01
1.099999999999999867e+00 9.000000000000000000e+01 -5.400016784667968750e+01
1.199999999999999956e+00 9.000000000000000000e+01 -5.300018310546875000e+01
1.300000000000000044e+00 9.000000000000000000e+01 -5.200019836425781250e+01
1.400000000000000133e+00 9.000000000000000000e+01 -5.100021362304687500e+01
1.500000000000000222e+00 9.000000000000000000e+01 -5.000022888183593750e+01
1.600000000000000311e+00 9.000000000000000000e+01 -4.900024414062500000e+01
1.700000000000000400e+00 9.000000000000000000e+01 -4.800025939941406250e+01
1.800000000000000488e+00 9.000000000000000000e+01 -4.700027465820312500e+01
1.900000000000000577e+00 9.000000000000000000e+01 -4.600028991699218750e+01
2.000000000000000444e+00 9.000000000000000000e+01 -4.500030517578125000e+01
2.100000000000000533e+00 9.000000000000000000e+01 -4.400032043457031250e+01
2.200000000000000622e+00 9.000000000000000000e+01 -4.300033569335937500e+01
2.300000000000000711e+00 9.000000000000000000e+01 -4.200035095214843750e+01
2.400000000000000799e+00 9.000000000000000000e+01 -4.100036621093750000e+01
2.500000000000000888e+00 9.000000000000000000e+01 -4.000038146972656250e+01
2.600000000000000977e+00 9.000000000000000000e+01 -3.900039672851562500e+01
2.700000000000001066e+00 9.000000000000000000e+01 -3.800041198730468750e+01
2.800000000000001155e+00 9.000000000000000000e+01 -3.700042724609375000e+01
2.900000000000001243e+00 9.000000000000000000e+01 -3.600044250488281250e+01
3.000000000000001332e+00 9.000000000000000000e+01 -3.500045776367187500e+01
3.100000000000001421e+00 9.000000000000000000e+01 -3.400047302246093750e+01
3.200000000000001510e+00 9.000000000000000000e+01 -3.300048828125000000e+01
3.300000000000001599e+00 9.000000000000000000e+01 -3.200050354003906250e+01
3.400000000000001688e+00 9.000000000000000000e+01 -3.100049972534179688e+01
3.500000000000001776e+00 9.000000000000000000e+01 -3.000049591064453125e+01
3.600000000000001865e+00 9.000000000000000000e+01 -2.900049209594726562e+01
3.700000000000001954e+00 9.000000000000000000e+01 -2.800048828125000000e+01
3.800000000000002043e+00 9.000000000000000000e+01 -2.700048446655273438e+01
3.900000000000002132e+00 9.000000000000000000e+01 -2.600048065185546875e+01
4.000000000000001776e+00 9.000000000000000000e+01 -2.500047683715820312e+01
4.100000000000001421e+00 9.000000000000000000e+01 -2.400047302246093750e+01
4.200000000000001066e+00 9.000000000000000000e+01 -2.300046920776367188e+01
4.300000000000000711e+00 9.000000000000000000e+01 -2.200046539306640625e+01
4.400000000000000355e+00 9.000000000000000000e+01 -2.100046157836914062e+01
4.500000000000000000e+00 9.000000000000000000e+01 -2.000045776367187500e+01
4.599999999999999645e+00 9.000000000000000000e+01 -1.900045394897460938e+01
4.699999999999999289e+00 9.000000000000000000e+01 -1.800045013427734375e+01
4.799999999999998934e+00 9.000000000000000000e+01 -1.700044631958007812e+01
4.899999999999998579e+00 9.000000000000000000e+01 -1.600044250488281250e+01
4.999999999999998224e+00 9.000000000000000000e+01 -1.500043869018554688e+01
5.099999999999997868e+00 9.000000000000000000e+01 -1.400043487548828125e+01
5.199999999999997513e+00 9.000000000000000000e+01 -1.300043106079101562e+01
5.299999999999997158e+00 9.000000000000000000e+01 -1.200042724609375000e+01
5.399999999999996803e+00 9.000000000000000000e+01 -1.100042343139648438e+01
5.499999999999996447e+00 9.000000000000000000e+01 -1.000041961669921875e+01
5.599999999999996092e+00 9.000000000000000000e+01 -9.000415802001953125e+00
5.699999999999995737e+00 9.000000000000000000e+01 -8.000411987304687500e+00
5.799999999999995381e+00 9.000000000000000000e+01 -7.000412940979003906e+00
5.899999999999995026e+00 9.000000000000000000e+01 -6.000413894653320312e+00
5.999999999999994671e+00 9.000444030761718750e+01 -5.000453472137451172e+00
6.099999999999994316e+00 9.006733703613281250e+01 -4.002661705017089844e+00
6.199999999999993960e+00 9.020391845703125000e+01 -3.012260913848876953e+00
6.299999999999993605e+00 9.041341400146484375e+01 -2.034683465957641602e+00
6.399999999999993250e+00 9.069468688964843750e+01 -1.075291395187377930e+00
6.499999999999992895e+00 9.104620361328125000e+01 -1.393460333347320557e-01
6.599999999999992539e+00 9.146600341796875000e+01 7.680192589759826660e-01
6.699999999999992184e+00 9.195181274414062500e+01 1.641828179359436035e+00
6.799999999999991829e+00 9.250095367431640625e+01 2.477288007736206055e+00
6.899999999999991473e+00 9.311041259765625000e+01 3.269817113876342773e+00
6.999999999999991118e+00 9.377686309814453125e+01 4.015068531036376953e+00
7.099999999999990763e+00 9.449663543701171875e+01 4.708954811096191406e+00
7.199999999999990408e+00 9.526578521728515625e+01 5.347669601440429688e+00
7.299999999999990052e+00 9.608009338378906250e+01 5.927711486816406250e+00
7.399999999999989697e+00 9.693509674072265625e+01 6.445899009704589844e+00
7.499999999999989342e+00 9.782609558105468750e+01 6.899390220642089844e+00
7.599999999999988987e+00 9.874821472167968750e+01 7.285697460174560547e+00
7.699999999999988631e+00 9.969638824462890625e+01 7.602702140808105469e+00
7.799999999999988276e+00 1.006654281616210938e+02 7.848665714263916016e+00
7.899999999999987921e+00 1.016500244140625000e+02 8.022239685058593750e+00
7.999999999999987566e+00 1.026447677612304688e+02 8.122472763061523438e+00
8.099999999999987210e+00 1.036441955566406250e+02 8.149552345275878906e+00
8.199999999999986855e+00 1.046441802978515625e+02 8.149971961975097656e+00
8.299999999999986500e+00 1.056441650390625000e+02 8.150391578674316406e+00
8.399999999999986144e+00 1.066441497802734375e+02 8.150811195373535156e+00
8.499999999999985789e+00 1.076441345214843750e+02 8.151230812072753906e+00
8.599999999999985434e+00 1.086441192626953125e+02 8.151650428771972656e+00
8.699999999999985079e+00 1.096441040039062500e+02 8.152070045471191406e+00
8.799999999999984723e+00 1.106440887451171875e+02 8.152489662170410156e+00
8.899999999999984368e+00 1.116440734863281250e+02 8.152909278869628906e+00
8.999999999999984013e+00 1.126440582275390625e+02 8.153328895568847656e+00
9.099999999999983658e+00 1.136440429687500000e+02 8.153748512268066406e+00
9.199999999999983302e+00 1.146440277099609375e+02 8.154168128967285156e+00
9.299999999999982947e+00 1.156440124511718750e+02 8.154587745666503906e+00
9.399999999999982592e+00 1.166439971923828125e+02 8.155007362365722656e+00
9.499999999999982236e+00 1.176439819335937500e+02 8.155426979064941406e+00
9.599999999999981881e+00 1.186439666748046875e+02 8.155846595764160156e+00
9.699999999999981526e+00 1.196439514160156250e+02 8.156266212463378906e+00
9.799999999999981171e+00 1.206439361572265625e+02 8.156685829162597656e+00
9.899999999999980815e+00 1.216439208984375000e+02 8.157105445861816406e+00
9.999999999999980460e+00 1.226439056396484375e+02 8.157525062561035156e+00
1.009999999999998010e+01 1.236438903808593750e+02 8.157944679260253906e+00
1.019999999999997975e+01 1.246438751220703125e+02 8.158364295959472656e+00
1.029999999999997939e+01 1.256438598632812500e+02 8.158783912658691406e+00
1.039999999999997904e+01 1.266438446044921875e+02 8.159203529357910156e+00
1.049999999999997868e+01 1.276438293457031250e+02 8.159623146057128906e+00
1.059999999999997833e+01 1.286438598632812500e+02 8.160042762756347656e+00
1.069999999999997797e+01 1.296439208984375000e+02 8.160462379455566406e+00
1.079999999999997762e+01 1.306439819335937500e+02 8.160881996154785156e+00
1.089999999999997726e+01 1.316440429687500000e+02 8.161301612854003906e+00
1.099999999999997691e+01 1.326441040039062500e+02 8.161721229553222656e+00
1.109999999999997655e+01 1.336441650390625000e+02 8.162140846252441406e+00
1.119999999999997620e+01 1.346442260742187500e+02 8.162560462951660156e+00
1.129999999999997584e+01 1.356442871093750000e+02 8.162980079650878906e+00
1.139999999999997549e+01 1.366443481445312500e+02 8.163399696350097656e+00
1.149999999999997513e+01 1.376444091796875000e+02 8.163819313049316406e+00
1.159999999999997478e+01 1.386444702148437500e+02 8.164238929748535156e+00
1.169999999999997442e+01 1.396445312500000000e+02 8.164658546447753906e+00
1.179999999999997407e+01 1.406445922851562500e+02 8.165078163146972656e+00
1.189999999999997371e+01 1.416446533203125000e+02 8.165497779846191406e+00
1.199999999999997335e+01 1.426447143554687500e+02 8.165917396545410156e+00
1.209999999999997300e+01 1.436447753906250000e+02 8.166337013244628906e+00
1.219999999999997264e+01 1.446448364257812500e+02 8.166756629943847656e+00
1.229999999999997229e+01 1.456448974609375000e+02 8.167176246643066406e+00
1.239999999999997193e+01 1.466449584960937500e+02 8.167595863342285156e+00
1.249999999999997158e+01 1.476450195312500000e+02 8.168015480041503906e+00
1.259999999999997122e+01 1.486450805664062500e+02 8.168435096740722656e+00
1.269999999999997087e+01 1.496451416015625000e+02 8.168854713439941406e+00
1.279999999999997051e+01 1.506452026367187500e+02 8.169274330139160156e+00
1.289999999999997016e+01 1.516452636718750000e+02 8.169693946838378906e+00
1.299999999999996980e+01 1.526453247070312500e+02 8.170113563537597656e+00
1.309999999999996945e+01 1.536453704833984375e+02 8.169793128967285156e+00
1.319999999999996909e+01 1.546439971923828125e+02 8.122097969055175781e+00
1.329999999999996874e+01 1.556363677978515625e+02 8.000632286071777344e+00
1.339999999999996838e+01 1.566170349121093750e+02 7.806059360504150391e+00
1.349999999999996803e+01 1.575806121826171875e+02 7.539447307586669922e+00
1.359999999999996767e+01 1.585218200683593750e+02 7.202258110046386719e+00
1.369999999999996732e+01 1.594354553222656250e+02 6.796339988708496094e+00
1.379999999999996696e+01 1.603165588378906250e+02 6.323920726776123047e+00
1.389999999999996660e+01 1.611603240966796875e+02 5.787590026855468750e+00
1.399999999999996625e+01 1.619620666503906250e+02 5.190289974212646484e+00
1.409999999999996589e+01 1.627173919677734375e+02 4.535296440124511719e+00
1.419999999999996554e+01 1.634221649169921875e+02 3.826201438903808594e+00
1.429999999999996518e+01 1.640725555419921875e+02 3.066892862319946289e+00
1.439999999999996483e+01 1.646649627685546875e+02 2.261535167694091797e+00
1.449999999999996447e+01 1.651961364746093750e+02 1.414545297622680664e+00
1.459999999999996412e+01 1.656631927490234375e+02 5.305680632591247559e-01
1.469999999999996376e+01 1.660635528564453125e+02 -3.855485916137695312e-01
1.479999999999996341e+01 1.663950195312500000e+02 -1.328780531883239746e+00
1.489999999999996305e+01 1.666557769775390625e+02 -2.293954849243164062e+00
1.499999999999996270e+01 1.668443756103515625e+02 -3.275778532028198242e+00
1.509999999999996234e+01 1.669597930908203125e+02 -4.268867492675781250e+00
1.519999999999996199e+01 1.670014038085937500e+02 -5.267775058746337891e+00
1.529999999999996163e+01 1.669689788818359375e+02 -6.267023086547851562e+00
1.539999999999996128e+01 1.668627014160156250e+02 -7.261131763458251953e+00
1.549999999999996092e+01 1.666831359863281250e+02 -8.244648933410644531e+00
1.559999999999996056e+01 1.664313049316406250e+02 -9.212181091308593750e+00
1.569999999999996021e+01 1.661085205078125000e+02 -1.015842247009277344e+01
1.579999999999995985e+01 1.657166137695312500e+02 -1.107818222045898438e+01
1.589999999999995950e+01 1.652577209472656250e+02 -1.196641826629638672e+01
1.599999999999995914e+01 1.647343444824218750e+02 -1.281825733184814453e+01
1.609999999999995879e+01 1.641493988037109375e+02 -1.362902927398681641e+01
1.619999999999996021e+01 1.635060119628906250e+02 -1.439428901672363281e+01
1.629999999999996163e+01 1.628108825683593750e+02 -1.511300182342529297e+01
1.639999999999996305e+01 1.621045532226562500e+02 -1.582090473175048828e+01
1.649999999999996447e+01 1.613982238769531250e+02 -1.652881431579589844e+01
1.659999999999996589e+01 1.606918945312500000e+02 -1.723672676086425781e+01
1.669999999999996732e+01 1.599855651855468750e+02 -1.794463920593261719e+01
1.679999999999996874e+01 1.592792358398437500e+02 -1.865255165100097656e+01
1.689999999999997016e+01 1.585729064941406250e+02 -1.936046409606933594e+01
1.699999999999997158e+01 1.578665771484375000e+02 -2.006837654113769531e+01
1.709999999999997300e+01 1.571602478027343750e+02 -2.077628898620605469e+01
1.719999999999997442e+01 1.564539184570312500e+02 -2.148420143127441406e+01
1.729999999999997584e+01 1.557475891113281250e+02 -2.219211387634277344e+01
1.739999999999997726e+01 1.550412597656250000e+02 -2.290002632141113281e+01
1.749999999999997868e+01 1.543349304199218750e+02 -2.360793876647949219e+01
1.759999999999998010e+01 1.536286010742187500e+02 -2.431585121154785156e+01
1.769999999999998153e+01 1.529222717285156250e+02 -2.502376365661621094e+01
1.779999999999998295e+01 1.522159423828125000e+02 -2.573167610168457031e+01
1.789999999999998437e+01 1.515096130371093750e+02 -2.643958854675292969e+01
1.799999999999998579e+01 1.508032836914062500e+02 -2.714750099182128906e+01
1.809999999999998721e+01 1.500969543457031250e+02 -2.785541343688964844e+01
1.819999999999998863e+01 1.493906250000000000e+02 -2.856332588195800781e+01
1.829999999999999005e+01 1.486842956542968750e+02 -2.927123832702636719e+01
1.839999999999999147e+01 1.479779663085937500e+02 -2.997915077209472656e+01
1.849999999999999289e+01 1.472716369628906250e+02 -3.068706321716308594e+01
1.859999999999999432e+01 1.465653076171875000e+02 -3.139497566223144531e+01
1.869999999999999574e+01 1.458589782714843750e+02 -3.210288619995117188e+01
1.879999999999999716e+01 1.451526489257812500e+02 -3.281077957153320312e+01
1.889999999999999858e+01 1.444463195800781250e+02 -3.351867294311523438e+01
1.900000000000000000e+01 1.437399902343750000e+02 -3.422656631469726562e+01
1.910000000000000142e+01 1.430336608886718750e+02 -3.493445968627929688e+01
1.920000000000000284e+01 1.423273315429687500e+02 -3.564235305786132812e+01
1.930000000000000426e+01 1.416210021972656250e+02 -3.635024642944335938e+01
1.940000000000000568e+01 1.408866271972656250e+02 -3.702864456176757812e+01
1.950000000000000711e+01 1.401040496826171875e+02 -3.765083312988281250e+01
1.960000000000000853e+01 1.392775878906250000e+02 -3.821339416503906250e+01
1.970000000000000995e+01 1.384117279052734375e+02 -3.871325302124023438e+01
1.980000000000001137e+01 1.375112762451171875e+02 -3.914766311645507812e+01
1.990000000000001279e+01 1.365811309814453125e+02 -3.951423645019531250e+01
2.000000000000001421e+01 1.356264038085937500e+02 -3.981097412109375000e+01
2.010000000000001563e+01 1.346523284912109375e+02 -4.003623580932617188e+01
2.020000000000001705e+01 1.336642456054687500e+02 -4.018879318237304688e+01
2.030000000000001847e+01 1.326676177978515625e+02 -4.026781463623046875e+01
2.040000000000001990e+01 1.316681823730468750e+02 -4.029953002929687500e+01
2.050000000000002132e+01 1.306687316894531250e+02 -4.033050537109375000e+01
2.060000000000002274e+01 1.296692810058593750e+02 -4.036148071289062500e+01
2.070000000000002416e+01 1.286698303222656250e+02 -4.039245605468750000e+01
2.080000000000002558e+01 1.276703491210937500e+02 -4.042343139648437500e+01
2.090000000000002700e+01 1.266708221435546875e+02 -4.045440673828125000e+01
2.100000000000002842e+01 1.256712951660156250e+02 -4.048538208007812500e+01
2.110000000000002984e+01 1.246717681884765625e+02 -4.051635742187500000e+01
2.120000000000003126e+01 1.236722412109375000e+02 -4.054733276367187500e+01
2.130000000000003268e+01 1.226727142333984375e+02 -4.057830810546875000e+01
2.140000000000003411e+01 1.216731872558593750e+02 -4.060928344726562500e+01
2.150000000000003553e+01 1.206736602783203125e+02 -4.064025878906250000e+01
2.160000000000003695e+01 1.196741333007812500e+02 -4.067123413085937500e+01
2.170000000000003837e+01 1.186746063232421875e+02 -4.070220947265625000e+01
2.180000000000003979e+01 1.176750793457031250e+02 -4.073318481445312500e+01
2.190000000000004121e+01 1.166752929687500000e+02 -4.073749160766601562e+01
2.200000000000004263e+01 1.156779022216796875e+02 -4.066852951049804688e+01
2.210000000000004405e+01 1.146883544921875000e+02 -4.052594375610351562e+01
2.220000000000004547e+01 1.137120666503906250e+02 -4.031051254272460938e+01
2.230000000000004690e+01 1.127543945312500000e+02 -4.002343368530273438e+01
2.240000000000004832e+01 1.118206176757812500e+02 -3.966625976562500000e+01
2.250000000000004974e+01 1.109158172607421875e+02 -3.924095916748046875e+01
2.260000000000005116e+01 1.100449676513671875e+02 -3.874986267089843750e+01
2.270000000000005258e+01 1.092128524780273438e+02 -3.819566345214843750e+01
2.280000000000005400e+01 1.084240417480468750e+02 -3.758140563964843750e+01
2.290000000000005542e+01 1.076828384399414062e+02 -3.691044998168945312e+01
2.300000000000005684e+01 1.069933319091796875e+02 -3.618647766113281250e+01
2.310000000000005826e+01 1.063592987060546875e+02 -3.541346740722656250e+01
2.320000000000005969e+01 1.057842025756835938e+02 -3.459565734863281250e+01
2.330000000000006111e+01 1.052712020874023438e+02 -3.373752212524414062e+01
2.340000000000006253e+01 1.048231201171875000e+02 -3.284377288818359375e+01
2.350000000000006395e+01 1.044424209594726562e+02 -3.191932487487792969e+01
2.360000000000006537e+01 1.041311798095703125e+02 -3.096922874450683594e+01
2.370000000000006679e+01 1.038910903930664062e+02 -2.999870872497558594e+01
2.380000000000006821e+01 1.037234878540039062e+02 -2.901308441162109375e+01
2.390000000000006963e+01 1.036292953491210938e+02 -2.801775932312011719e+01
2.400000000000007105e+01 1.035934982299804688e+02 -2.701843070983886719e+01
2.410000000000007248e+01 1.035621414184570312e+02 -2.601892280578613281e+01
2.420000000000007390e+01 1.035307846069335938e+02 -2.501941490173339844e+01
2.430000000000007532e+01 1.034994277954101562e+02 -2.401990699768066406e+01
2.440000000000007674e+01 1.034680709838867188e+02 -2.302039909362792969e+01
2.450000000000007816e+01 1.034367141723632812e+02 -2.202089118957519531e+01
2.460000000000007958e+01 1.034053573608398438e+02 -2.102138328552246094e+01
2.470000000000008100e+01 1.033740005493164062e+02 -2.002187538146972656e+01
2.480000000000008242e+01 1.033542861938476562e+02 -1.902214241027832031e+01
2.490000000000008384e+01 1.033867645263671875e+02 -1.802280044555664062e+01
2.500000000000008527e+01 1.034746932983398438e+02 -1.702680206298828125e+01
2.510000000000008669e+01 1.036177978515625000e+02 -1.603722381591796875e+01
2.520000000000008811e+01 1.038156280517578125e+02 -1.505711650848388672e+01
2.530000000000008953e+01 1.040675659179687500e+02 -1.408950519561767578e+01
2.540000000000009095e+01 1.043728561401367188e+02 -1.313737773895263672e+01
2.550000000000009237e+01 1.047305374145507812e+02 -1.220366859436035156e+01
2.560000000000009379e+01 1.051395111083984375e+02 -1.129126071929931641e+01
2.570000000000009521e+01 1.055985107421875000e+02 -1.040296840667724609e+01
2.580000000000009663e+01 1.061061248779296875e+02 -9.541534423828125000e+00
2.590000000000009805e+01 1.066607971191406250e+02 -8.709614753723144531e+00
2.600000000000009948e+01 1.072607955932617188e+02 -7.909778594970703125e+00
2.610000000000010090e+01 1.079042968750000000e+02 -7.144492149353027344e+00
2.620000000000010232e+01 1.085892868041992188e+02 -6.416118621826171875e+00
2.630000000000010374e+01 1.093136672973632812e+02 -5.726903915405273438e+00
2.640000000000010516e+01 1.100751953125000000e+02 -5.078975200653076172e+00
2.650000000000010658e+01 1.108715362548828125e+02 -4.474332332611083984e+00
2.660000000000010800e+01 1.117002182006835938e+02 -3.914840221405029297e+00
2.670000000000010942e+01 1.125586853027343750e+02 -3.402225971221923828e+00
2.680000000000011084e+01 1.134442977905273438e+02 -2.938070774078369141e+00
2.690000000000011227e+01 1.143543167114257812e+02 -2.523807048797607422e+00
2.700000000000011369e+01 1.152859420776367188e+02 -2.160713195800781250e+00
2.710000000000011511e+01 1.162362823486328125e+02 -1.849909305572509766e+00
2.720000000000011653e+01 1.172024154663085938e+02 -1.592354774475097656e+00
2.730000000000011795e+01 1.181813659667968750e+02 -1.388844013214111328e+00
2.740000000000011937e+01 1.191701049804687500e+02 -1.240005135536193848e+00
2.750000000000012079e+01 1.201655731201171875e+02 -1.146297097206115723e+00
2.760000000000012221e+01 1.211647033691406250e+02 -1.108009338378906250e+00
2.770000000000012363e+01 1.221644363403320312e+02 -1.125259995460510254e+00
2.780000000000012506e+01 1.231616592407226562e+02 -1.197996139526367188e+00
2.790000000000012648e+01 1.241533050537109375e+02 -1.325993537902832031e+00
2.800000000000012790e+01 1.251363143920898438e+02 -1.508857369422912598e+00
2.810000000000012932e+01 1.261076507568359375e+02 -1.746023535728454590e+00
2.820000000000013074e+01 1.270643234252929688e+02 -2.036759853363037109e+00
2.830000000000013216e+01 1.280033721923828125e+02 -2.380169391632080078e+00
2.840000000000013358e+01 1.289219207763671875e+02 -2.775192260742187500e+00
2.850000000000013500e+01 1.298171081542968750e+02 -3.220609903335571289e+00
2.860000000000013642e+01 1.306861572265625000e+02 -3.715047359466552734e+00
2.870000000000013785e+01 1.315264434814453125e+02 -4.256979465484619141e+00
2.880000000000013927e+01 1.323353271484375000e+02 -4.844733715057373047e+00
2.890000000000014069e+01 1.331103363037109375e+02 -5.476496696472167969e+00
2.900000000000014211e+01 1.338490753173828125e+02 -6.150319099426269531e+00
2.910000000000014353e+01 1.345492401123046875e+02 -6.864120960235595703e+00
2.920000000000014495e+01 1.352086791992187500e+02 -7.615700244903564453e+00
2.930000000000014637e+01 1.358253784179687500e+02 -8.402737617492675781e+00
2.940000000000014779e+01 1.363974151611328125e+02 -9.222805023193359375e+00
2.950000000000014921e+01 1.369230499267578125e+02 -1.007337093353271484e+01
2.960000000000015064e+01 1.374006195068359375e+02 -1.095181083679199219e+01
2.970000000000015206e+01 1.378286743164062500e+02 -1.185541439056396484e+01
2.980000000000015348e+01 1.382095336914062500e+02 -1.277997303009033203e+01
2.990000000000015490e+01 1.386249542236328125e+02 -1.368934631347656250e+01
3.000000000000015632e+01 1.391065826416015625e+02 -1.456548309326171875e+01
3.010000000000015774e+01 1.396516876220703125e+02 -1.540357780456542969e+01
3.020000000000015916e+01 1.402573547363281250e+02 -1.619903373718261719e+01
3.030000000000016058e+01 1.409201812744140625e+02 -1.694748497009277344e+01
3.040000000000016200e+01 1.416257934570312500e+02 -1.765603828430175781e+01
3.050000000000016342e+01 1.423345642089843750e+02 -1.836147117614746094e+01
3.060000000000016485e+01 1.430433349609375000e+02 -1.906690406799316406e+01
3.070000000000016627e+01 1.437521057128906250e+02 -1.977233695983886719e+01
3.080000000000016769e+01 1.444608764648437500e+02 -2.047776985168457031e+01
3.090000000000016911e+01 1.451696472167968750e+02 -2.118320274353027344e+01
3.100000000000017053e+01 1.458784179687500000e+02 -2.188863563537597656e+01
3.110000000000017195e+01 1.465871887207031250e+02 -2.259406852722167969e+01
3.120000000000017337e+01 1.472959594726562500e+02 -2.329950141906738281e+01
3.130000000000017479e+01 1.480047302246093750e+02 -2.400493431091308594e+01
3.140000000000017621e+01 1.487135009765625000e+02 -2.471036720275878906e+01
3.150000000000017764e+01 1.494222717285156250e+02 -2.541580009460449219e+01
3.160000000000017906e+01 1.501310424804687500e+02 -2.612123298645019531e+01
3.170000000000018048e+01 1.508398132324218750e+02 -2.682666587829589844e+01
3.180000000000018190e+01 1.515485839843750000e+02 -2.753209877014160156e+01
3.190000000000018332e+01 1.522573547363281250e+02 -2.823753166198730469e+01
3.200000000000018474e+01 1.529661254882812500e+02 -2.894296455383300781e+01
3.210000000000018616e+01 1.536748962402343750e+02 -2.964839744567871094e+01
3.220000000000018758e+01 1.543836669921875000e+02 -3.035383033752441406e+01
3.230000000000018900e+01 1.550924377441406250e+02 -3.105926322937011719e+01
3.240000000000019043e+01 1.558012084960937500e+02 -3.176469612121582031e+01
3.250000000000019185e+01 1.565099792480468750e+02 -3.247011566162109375e+01
3.260000000000019327e+01 1.572187500000000000e+02 -3.317552947998046875e+01
3.270000000000019469e+01 1.579275207519531250e+02 -3.388094329833984375e+01
3.280000000000019611e+01 1.586362915039062500e+02 -3.458635711669921875e+01
3.290000000000019753e+01 1.593450622558593750e+02 -3.529177093505859375e+01
3.300000000000019895e+01 1.600538330078125000e+02 -3.599718475341796875e+01
3.310000000000020037e+01 1.607626037597656250e+02 -3.670259857177734375e+01
3.320000000000020179e+01 1.614713745117187500e+02 -3.740801239013671875e+01
3.330000000000020322e+01 1.621801452636718750e+02 -3.811342620849609375e+01
3.340000000000020464e+01 1.628889160156250000e+02 -3.881884002685546875e+01
3.350000000000020606e+01 1.635976867675781250e+02 -3.952425384521484375e+01
3.360000000000020748e+01 1.643064575195312500e+02 -4.022966766357421875e+01
3.370000000000020890e+01 1.650120697021484375e+02 -4.093820953369140625e+01
3.380000000000021032e+01 1.656748962402343750e+02 -4.168666839599609375e+01
3.390000000000021174e+01 1.662805633544921875e+02 -4.248212051391601562e+01
3.400000000000021316e+01 1.668256683349609375e+02 -4.332021713256835938e+01
3.410000000000021458e+01 1.673072967529296875e+02 -4.419635391235351562e+01
3.420000000000021600e+01 1.677227172851562500e+02 -4.510573196411132812e+01
3.430000000000021743e+01 1.680697174072265625e+02 -4.604335021972656250e+01
3.440000000000021885e+01 1.683463745117187500e+02 -4.700408172607421875e+01
3.450000000000022027e+01 1.685511779785156250e+02 -4.798265457153320312e+01
3.460000000000022169e+01 1.686829833984375000e+02 -4.897369766235351562e+01
3.470000000000022311e+01 1.687411041259765625e+02 -4.997178268432617188e+01
3.480000000000022453e+01 1.687251892089843750e+02 -5.097142410278320312e+01
3.490000000000022595e+01 1.686353607177734375e+02 -5.196715164184570312e+01
3.500000000000022737e+01 1.684721069335937500e+02 -5.295349884033203125e+01
3.510000000000022879e+01 1.682362823486328125e+02 -5.392506027221679688e+01
3.520000000000023022e+01 1.679291992187500000e+02 -5.487650680541992188e+01
3.530000000000023164e+01 1.675525817871093750e+02 -5.580261993408203125e+01
3.540000000000023306e+01 1.671084442138671875e+02 -5.669832229614257812e+01
3.550000000000023448e+01 1.665992279052734375e+02 -5.755870437622070312e+01
3.560000000000023590e+01 1.660277404785156250e+02 -5.837904357910156250e+01
3.570000000000023732e+01 1.653971099853515625e+02 -5.915483093261718750e+01
3.580000000000023874e+01 1.647107849121093750e+02 -5.988182067871093750e+01
3.590000000000024016e+01 1.639725341796875000e+02 -6.055602264404296875e+01
3.600000000000024158e+01 1.631864318847656250e+02 -6.117374420166015625e+01
3.610000000000024301e+01 1.623567504882812500e+02 -6.173159408569335938e+01
3.620000000000024443e+01 1.614880981445312500e+02 -6.222651672363281250e+01
3.630000000000024585e+01 1.605851593017578125e+02 -6.265578842163085938e+01
3.640000000000024727e+01 1.596529541015625000e+02 -6.301706695556640625e+01
3.650000000000024869e+01 1.586965484619140625e+02 -6.330836105346679688e+01
3.660000000000025011e+01 1.577211914062500000e+02 -6.352808380126953125e+01
3.670000000000025153e+01 1.567322845458984375e+02 -6.367502212524414062e+01
3.680000000000025295e+01 1.557352142333984375e+02 -6.374836730957031250e+01
3.690000000000025437e+01 1.547354278564453125e+02 -6.374771881103515625e+01
3.700000000000025580e+01 1.537384796142578125e+02 -6.367308044433593750e+01
3.710000000000025722e+01 1.527497406005859375e+02 -6.352486801147460938e+01
3.720000000000025864e+01 1.517746887207031250e+02 -6.330388641357421875e+01
3.730000000000026006e+01 1.508186798095703125e+02 -6.301135635375976562e+01
3.740000000000026148e+01 1.498869323730468750e+02 -6.264887619018554688e+01
3.750000000000026290e+01 1.489845733642578125e+02 -6.221842575073242188e+01
3.760000000000026432e+01 1.481165313720703125e+02 -6.172237396240234375e+01
3.770000000000026574e+01 1.472875823974609375e+02 -6.116344451904296875e+01
3.780000000000026716e+01 1.465022583007812500e+02 -6.054470825195312500e+01
3.790000000000026859e+01 1.457648925781250000e+02 -5.986954879760742188e+01
3.800000000000027001e+01 1.450555114746093750e+02 -5.916474533081054688e+01
3.810000000000027143e+01 1.443461303710937500e+02 -5.845994186401367188e+01
3.820000000000027285e+01 1.436367492675781250e+02 -5.775513839721679688e+01
3.830000000000027427e+01 1.429273681640625000e+02 -5.705033493041992188e+01
3.840000000000027569e+01 1.421950225830078125e+02 -5.636973190307617188e+01
3.850000000000027711e+01 1.414143066406250000e+02 -5.574519348144531250e+01
3.860000000000027853e+01 1.405895233154296875e+02 -5.518014144897460938e+01
3.870000000000027995e+01 1.397251739501953125e+02 -5.467767333984375000e+01
3.880000000000028137e+01 1.388260345458984375e+02 -5.424055099487304688e+01
3.890000000000028280e+01 1.378969879150390625e+02 -5.387117767333984375e+01
3.900000000000028422e+01 1.369431762695312500e+02 -5.357157516479492188e+01
3.910000000000028564e+01 1.359697875976562500e+02 -5.334337615966796875e+01
3.920000000000028706e+01 1.349821777343750000e+02 -5.318784332275390625e+01
3.930000000000028848e+01 1.339858093261718750e+02 -5.310582351684570312e+01
3.940000000000028990e+01 1.329860534667968750e+02 -5.309776687622070312e+01
3.950000000000029132e+01 1.319884643554687500e+02 -5.316372680664062500e+01
3.960000000000029274e+01 1.309985046386718750e+02 -5.330333328247070312e+01
3.970000000000029416e+01 1.300215454101562500e+02 -5.351582717895507812e+01
3.980000000000029559e+01 1.290630035400390625e+02 -5.380002975463867188e+01
3.990000000000029701e+01 1.281281433105468750e+02 -5.415439224243164062e+01
4.000000000000029843e+01 1.272220764160156250e+02 -5.457696151733398438e+01
4.010000000000029985e+01 1.263497695922851562e+02 -5.506543731689453125e+01
4.020000000000030127e+01 1.255159835815429688e+02 -5.561712646484375000e+01
4.030000000000030269e+01 1.247253341674804688e+02 -5.622900772094726562e+01
4.040000000000030411e+01 1.239821243286132812e+02 -5.689772415161132812e+01
4.050000000000030553e+01 1.232904434204101562e+02 -5.761960983276367188e+01
4.060000000000030695e+01 1.226540832519531250e+02 -5.839070510864257812e+01
4.070000000000030838e+01 1.220765380859375000e+02 -5.920678710937500000e+01
4.080000000000030980e+01 1.215609588623046875e+02 -6.006337356567382812e+01
4.090000000000031122e+01 1.211101989746093750e+02 -6.095576095581054688e+01
4.100000000000031264e+01 1.207266998291015625e+02 -6.187905883789062500e+01
4.110000000000031406e+01 1.204125823974609375e+02 -6.282820510864257812e+01
4.120000000000031548e+01 1.201695785522460938e+02 -6.379799270629882812e+01
4.130000000000031690e+01 1.199990005493164062e+02 -6.478310394287109375e+01
4.140000000000031832e+01 1.199017944335937500e+02 -6.577812957763671875e+01
4.150000000000031974e+01 1.198777465820312500e+02 -6.677762603759765625e+01
4.160000000000032117e+01 1.198803405761718750e+02 -6.777761077880859375e+01
4.170000000000032259e+01 1.198821945190429688e+02 -6.877759552001953125e+01
4.180000000000032401e+01 1.198366851806640625e+02 -6.977632141113281250e+01
4.190000000000032543e+01 1.197173919677734375e+02 -7.076894378662109375e+01
4.200000000000032685e+01 1.195249786376953125e+02 -7.175001525878906250e+01
4.210000000000032827e+01 1.192604827880859375e+02 -7.271417236328125000e+01
4.220000000000032969e+01 1.189253463745117188e+02 -7.365610504150390625e+01
4.230000000000033111e+01 1.185214309692382812e+02 -7.457065582275390625e+01
4.240000000000033253e+01 1.180509567260742188e+02 -7.545279693603515625e+01
4.250000000000033396e+01 1.175164718627929688e+02 -7.629770660400390625e+01
4.260000000000033538e+01 1.169209365844726562e+02 -7.710075378417968750e+01
4.270000000000033680e+01 1.162675933837890625e+02 -7.785752105712890625e+01
4.280000000000033822e+01 1.155600433349609375e+02 -7.856387329101562500e+01
4.290000000000033964e+01 1.148021621704101562e+02 -7.921590423583984375e+01
4.300000000000034106e+01 1.139981079101562500e+02 -7.981006622314453125e+01
4.310000000000034248e+01 1.131522750854492188e+02 -8.034309387207031250e+01
4.320000000000034390e+01 1.122693252563476562e+02 -8.081205749511718750e+01
4.330000000000034532e+01 1.113540802001953125e+02 -8.121440124511718750e+01
4.340000000000034674e+01 1.104115753173828125e+02 -8.154789733886718750e+01
4.350000000000034817e+01 1.094469680786132812e+02 -8.181072235107421875e+01
4.360000000000034959e+01 1.084655532836914062e+02 -8.200144195556640625e+01
4.370000000000035101e+01 1.074727172851562500e+02 -8.211901092529296875e+01
4.380000000000035243e+01 1.064740219116210938e+02 -8.216720581054687500e+01
4.390000000000035385e+01 1.054745712280273438e+02 -8.219985961914062500e+01
4.400000000000035527e+01 1.044751205444335938e+02 -8.223251342773437500e+01
4.410000000000035669e+01 1.034755096435546875e+02 -8.225776672363281250e+01
4.420000000000035811e+01 1.024764328002929688e+02 -8.222011566162109375e+01
4.430000000000035953e+01 1.014829025268554688e+02 -8.210861206054687500e+01
4.440000000000036096e+01 1.005003509521484375e+02 -8.192388916015625000e+01
4.450000000000036238e+01 9.953416442871093750e+01 -8.166696929931640625e+01
4.460000000000036380e+01 9.858964538574218750e+01 -8.133923339843750000e+01
4.470000000000036522e+01 9.767195892333984375e+01 -8.094249725341796875e+01
4.480000000000036664e+01 9.678613281250000000e+01 -8.047895050048828125e+01
4.490000000000036806e+01 9.593705749511718750e+01 -7.995111846923828125e+01
4.500000000000036948e+01 9.512938690185546875e+01 -7.936186981201171875e+01
4.510000000000037090e+01 9.436752319335937500e+01 -7.871446990966796875e+01
4.520000000000037232e+01 9.365566253662109375e+01 -7.801247406005859375e+01
4.530000000000037375e+01 9.299771118164062500e+01 -7.725971221923828125e+01
4.540000000000037517e+01 9.239726257324218750e+01 -7.646031188964843750e+01
4.550000000000037659e+01 9.185762786865234375e+01 -7.561866760253906250e+01
4.560000000000037801e+01 9.138177490234375000e+01 -7.473940277099609375e+01
4.570000000000037943e+01 9.097228240966796875e+01 -7.382733917236328125e+01
4.580000000000038085e+01 9.063141632080078125e+01 -7.288747406005859375e+01
4.590000000000038227e+01 9.036104583740234375e+01 -7.192494964599609375e+01
4.600000000000038369e+01 9.016262817382812500e+01 -7.094505310058593750e+01
4.610000000000038511e+01 9.003727722167968750e+01 -6.995316314697265625e+01
4.620000000000038654e+01 8.998567962646484375e+01 -6.895472717285156250e+01
4.630000000000038796e+01 8.997476959228515625e+01 -6.795481872558593750e+01
4.640000000000038938e+01 8.996385955810546875e+01 -6.695491027832031250e+01
4.650000000000039080e+01 8.995294952392578125e+01 -6.595500183105468750e+01
